Company_Staff_Discovery,20180218,20180520,20180819,20181118
Company_Staff_Sample,20180115,20180219,20180319,20180423,20180521,20180618,20180716,20180820,20180924,20181015,20181119,20181217
Company_Staff_All,OnDemand
Company_Servers_Discovery,20180318,20180625,20180924,20181224
Company_Servers_Sample,20180123,20180227,20180319,20180424,20180522,20180626,20180724,20180827,20180925,20181023,20181127,20181225
Company_Servers_All,OnDemand
Company_Labs_Discovery,20180102,20180403,20180703,20181002
Company_Labs_Sample,20180103,20180207,20180307,20180404,20180502,20180606,20180704,20180801,20180905,20181003,20181107,20181205
Company_Labs_All,OnDemand
Company_Audio_Discovery,20180214,20180509,20180808,20181114
Company_Audio_Sample,20180112,20180209,20180309,20180420,20180511,20180608,20180713,20180810,20180914,20181012,20181109,20181214
Company_Audio_All,OnDemand
Company_Printers_Discovery,20180301,20180607,20180907,20181206
Company_Printers_Sample,20180105,20180202,20180302,20180406,20180504,20180601,20180706,20180803,20180907,20181005,20181102,20181207
Company_Printers_All,OnDemand
Company_Infrastructure_Discovery,20180113,20180414,20180714,20181006
Company_Infrastructure_Sample,20180120,20180217,20180317,20180421,20180519,20180616,20180721,20180818,20180915,20181020,20181117,20181208
Company_Infrastructure_All,OnDemand
Company_QoS_Discovery,20180216,20180525,20180824,20181123
Company_QoS_Sample,20180127,20180224,20180324,20180428,20180526,20180623,20180728,20180825,20180922,20181027,20181124,20181222
Company_QoS_All,OnDemand
